21070  +2.758590413348e+04 -4.176494409059e+00
21080  +2.754414060526e+04 -4.171580332947e+00
21090  +2.750242644058e+04 -4.166620252626e+00
21100  +2.746076190709e+04 -4.161632974457e+00
21110  +2.741914739492e+04 -4.156608372551e+00
21120  +2.737758323405e+04 -4.151546774720e+00
21130  +2.733606985484e+04 -4.146447473141e+00
21140  +2.729460766196e+04 -4.141315520865e+00
21150  +2.725319683197e+04 -4.136144473671e+00
21160  +2.721183776160e+04 -4.130946481183e+00
21170  +2.717053082102e+04 -4.125709303731e+00
21180  +2.712927635489e+04 -4.120446963341e+00
21190  +2.708807470430e+04 -4.115143175256e+00
21200  +2.704692611216e+04 -4.109817158113e+00
21210  +2.700583103053e+04 -4.104447239088e+00
21220  +2.696478959197e+04 -4.099056002940e+00
21230  +2.692380225836e+04 -4.093631830537e+00
21240  +2.688286931592e+04 -4.088172418323e+00
21250  +2.684199099618e+04 -4.082681763276e+00
21260  +2.680116767401e+04 -4.077169436420e+00
21270  +2.676039966824e+04 -4.071620768065e+00
21280  +2.671968722418e+04 -4.066043753123e+00
21290  +2.667903061940e+04 -4.060434935499e+00
21300  +2.663843015580e+04 -4.054799808102e+00
21310  +2.659788607873e+04 -4.049140999121e+00
21320  +2.655739878257e+04 -4.043444275155e+00
21330  +2.651696855484e+04 -4.037727942063e+00
21340  +2.647659549683e+04 -4.031986575527e+00
21350  +2.643628007590e+04 -4.026211954454e+00
21360  +2.639602239994e+04 -4.020406475821e+00
21370  +2.635582281157e+04 -4.014582688711e+00
21380  +2.631568163233e+04 -4.008728175740e+00
21390  +2.627559910844e+04 -4.002841850094e+00
21400  +2.623557539409e+04 -3.996943884044e+00
21410  +2.619561089355e+04 -3.991010366203e+00
21420  +2.615570577618e+04 -3.985049078102e+00
21430  +2.611586021898e+04 -3.979063975403e+00
21440  +2.607607469672e+04 -3.973063056896e+00
21450  +2.603634930932e+04 -3.967025291953e+00
21460  +2.599668432730e+04 -3.960964242860e+00
21470  +2.595707991617e+04 -3.954887516040e+00
21480  +2.591753646565e+04 -3.948779533650e+00
21490  +2.587805417604e+04 -3.942645135878e+00
21500  +2.583863326638e+04 -3.936495227591e+00
21510  +2.579927403125e+04 -3.930316576385e+00
21520  +2.575997660855e+04 -3.924109924668e+00
21530  +2.572074134177e+04 -3.917880295094e+00
21540  +2.568156833998e+04 -3.911629021338e+00
21550  +2.564245794048e+04 -3.905363304817e+00
21560  +2.560341037880e+04 -3.899059437155e+00
21570  +2.556442591404e+04 -3.892738819655e+00
21580  +2.552550466066e+04 -3.886402751412e+00
21590  +2.548664691591e+04 -3.880035473938e+00
21600  +2.544785290923e+04 -3.873642743800e+00
21610  +2.540912279937e+04 -3.867226060002e+00
21620  +2.537045698223e+04 -3.860791068634e+00
21630  +2.533185549182e+04 -3.854335386651e+00
21640  +2.529331876883e+04 -3.847856583795e+00
21650  +2.525484680237e+04 -3.841354112251e+00
21660  +2.521643994207e+04 -3.834830329759e+00
21670  +2.517809843639e+04 -3.828286376964e+00
21680  +2.513982249102e+04 -3.821717908908e+00
21690  +2.510161224835e+04 -3.815119157117e+00
21700  +2.506346807085e+04 -3.808508319097e+00
21710  +2.502539009483e+04 -3.801872455289e+00
21720  +2.498737849862e+04 -3.795214091945e+00
21730  +2.494943358262e+04 -3.788537656976e+00
21740  +2.491155557703e+04 -3.781828938921e+00
21750  +2.487374461870e+04 -3.775105065927e+00
21760  +2.483600093116e+04 -3.768356812172e+00
21770  +2.479832490253e+04 -3.761588577804e+00
21780  +2.476071652330e+04 -3.754804172238e+00
21790  +2.472317627654e+04 -3.747986776398e+00
21800  +2.468570409362e+04 -3.741153235299e+00
21810  +2.464830037370e+04 -3.734290431058e+00
21820  +2.461096539315e+04 -3.727416250321e+00
21830  +2.457369922638e+04 -3.720512657845e+00
21840  +2.453650206657e+04 -3.713591516913e+00
21850  +2.449937430138e+04 -3.706644501046e+00
21860  +2.446231610835e+04 -3.699670804299e+00
21870  +2.442532771943e+04 -3.692678541366e+00
21880  +2.438840922431e+04 -3.685664747345e+00
21890  +2.435156103572e+04 -3.678633110771e+00
21900  +2.431478316239e+04 -3.671566968420e+00
21910  +2.427807608208e+04 -3.664492864516e+00
21920  +2.424143985350e+04 -3.657386136155e+00
21930  +2.420487471967e+04 -3.650259774101e+00
21940  +2.416838099642e+04 -3.643101731457e+00
21950  +2.413195882468e+04 -3.635932770574e+00
21960  +2.409560847329e+04 -3.628735266000e+00
21970  +2.405933013601e+04 -3.621521489093e+00
21980  +2.402312407208e+04 -3.614275200868e+00
21990  +2.398699057358e+04 -3.607006990915e+00
22000  +2.395092975342e+04 -3.599715350432e+00
22010  +2.391494202264e+04 -3.592403457445e+00
22020  +2.387902742994e+04 -3.585068913738e+00
22030  +2.384318628268e+04 -3.577714264358e+00
22040  +2.380741884405e+04 -3.570329147155e+00
22050  +2.377172537669e+04 -3.562914031590e+00
22060  +2.373610596571e+04 -3.555481871822e+00
22070  +2.370056106620e+04 -3.548023588552e+00
22080  +2.366509087083e+04 -3.540550347336e+00
22090  +2.362969553335e+04 -3.533038156055e+00
22100  +2.359437535777e+04 -3.525508781078e+00
22110  +2.355913066648e+04 -3.517948976191e+00
22120  +2.352396153446e+04 -3.510367392992e+00
22130  +2.348886832347e+04 -3.502768281388e+00
22140  +2.345385129209e+04 -3.495131735038e+00
22150  +2.341891071563e+04 -3.487473967562e+00
22160  +2.338404675931e+04 -3.479791441876e+00
22170  +2.334925985015e+04 -3.472083695512e+00
22180  +2.331455006437e+04 -3.464349145435e+00
22190  +2.327991766222e+04 -3.456586348322e+00
22200  +2.324536306018e+04 -3.448798608995e+00
22210  +2.321088653638e+04 -3.440983885998e+00
22220  +2.317648810095e+04 -3.433139241599e+00
22230  +2.314216832884e+04 -3.425269182543e+00
22240  +2.310792730352e+04 -3.417372851435e+00
22250  +2.307376539430e+04 -3.409450359360e+00
22260  +2.303968284370e+04 -3.401499505787e+00
22270  +2.300567990274e+04 -3.393520103083e+00
22280  +2.297175684809e+04 -3.385508622732e+00
22290  +2.293791397560e+04 -3.377480326292e+00
22300  +2.290415165372e+04 -3.369407710638e+00
22310  +2.287047011042e+04 -3.361318180823e+00
22320  +2.283686956621e+04 -3.353191569409e+00
22330  +2.280335045966e+04 -3.345045899990e+00
22340  +2.276991297244e+04 -3.336860342229e+00
22350  +2.273655742991e+04 -3.328648536535e+00
22360  +2.270328410705e+04 -3.320408759240e+00
22370  +2.267009338665e+04 -3.312132097246e+00
22380  +2.263698552435e+04 -3.303837672485e+00
22390  +2.260396080739e+04 -3.295501975047e+00
22400  +2.257101959126e+04 -3.287133469966e+00
22410  +2.253816214115e+04 -3.278741402585e+00
22420  +2.250538874090e+04 -3.270307619200e+00
22430  +2.247269983265e+04 -3.261854148520e+00
22440  +2.244009563496e+04 -3.253359134912e+00
22450  +2.240757658395e+04 -3.244837679590e+00
22460  +2.237514288462e+04 -3.236277695741e+00
22470  +2.234279483422e+04 -3.227693896415e+00
22480  +2.231053294928e+04 -3.219061265905e+00
22490  +2.227835739229e+04 -3.210404072441e+00
22500  +2.224626860050e+04 -3.201716674521e+00
22510  +2.221426686425e+04 -3.192995754780e+00
22520  +2.218235254411e+04 -3.184230858048e+00
22530  +2.215052597053e+04 -3.175438468526e+00
22540  +2.211878761757e+04 -3.166605718049e+00
22550  +2.208713766877e+04 -3.157746950245e+00
22560  +2.205557648430e+04 -3.148840911278e+00
22570  +2.202410458143e+04 -3.139900378273e+00
22580  +2.199272223582e+04 -3.130933798857e+00
22590  +2.196142976129e+04 -3.121915242006e+00
22600  +2.193022760555e+04 -3.112871003650e+00
22610  +2.189911610047e+04 -3.103788133871e+00
22620  +2.186809562163e+04 -3.094659000756e+00
22630  +2.183716652494e+04 -3.085504771122e+00
22640  +2.180632931796e+04 -3.076302235985e+00
22650  +2.177558426110e+04 -3.067065379811e+00
22660  +2.174493180331e+04 -3.057789946570e+00
22670  +2.171437229468e+04 -3.048469459855e+00
22680  +2.168390613733e+04 -3.039114625861e+00
22690  +2.165353386358e+04 -3.029711011525e+00
22700  +2.162325567850e+04 -3.020274955996e+00
22710  +2.159307211981e+04 -3.010802540852e+00
22720  +2.156298356664e+04 -3.001279807733e+00
22730  +2.153299043347e+04 -2.991721385094e+00
22740  +2.150309310769e+04 -2.982109777430e+00
22750  +2.147329204848e+04 -2.972468901950e+00
22760  +2.144358768311e+04 -2.962777254657e+00
22770  +2.141398043083e+04 -2.953046630876e+00
22780  +2.138447071800e+04 -2.943269049013e+00
22790  +2.135505901414e+04 -2.933454018360e+00
22800  +2.132574567299e+04 -2.923587233160e+00
22810  +2.129653132532e+04 -2.913680773299e+00
22820  +2.126741622953e+04 -2.903717735097e+00
22830  +2.123840100914e+04 -2.893721665666e+00
22840  +2.120948593480e+04 -2.883675773727e+00
22850  +2.118067160596e+04 -2.873586704214e+00
22860  +2.115195847970e+04 -2.863449474496e+00
22870  +2.112334696693e+04 -2.853260550742e+00
22880  +2.109483760239e+04 -2.843027801584e+00
22890  +2.106643078451e+04 -2.832741245695e+00
22900  +2.103812714097e+04 -2.822414797240e+00
22910  +2.100992701368e+04 -2.812031177988e+00
22920  +2.098183090223e+04 -2.801607956736e+00
22930  +2.095383941529e+04 -2.791125102311e+00
22940  +2.092595292780e+04 -2.780598017181e+00
22950  +2.089817209743e+04 -2.770023877144e+00
22960  +2.087049719817e+04 -2.759393920070e+00
22970  +2.084292896081e+04 -2.748709886476e+00
22980  +2.081546780129e+04 -2.737982310170e+00
22990  +2.078811435060e+04 -2.727189301781e+00
23000  +2.076086897862e+04 -2.716354678776e+00
23010  +2.073373225409e+04 -2.705464470618e+00
23020  +2.070670472102e+04 -2.694522459414e+00
23030  +2.067978700370e+04 -2.683517967684e+00
23040  +2.065297959058e+04 -2.672464924163e+00
23050  +2.062628305341e+04 -2.661360556516e+00
23060  +2.059969789901e+04 -2.650192317371e+00
23070  +2.057322463862e+04 -2.638978158298e+00
23080  +2.054686393883e+04 -2.627701393404e+00
23090  +2.052061628513e+04 -2.616371743573e+00
23100  +2.049448232853e+04 -2.604973809980e+00
23110  +2.046846260581e+04 -2.593531819646e+00
23120  +2.044255771883e+04 -2.582025508682e+00
23130  +2.041676824061e+04 -2.570453277987e+00
23140  +2.039109474149e+04 -2.558833424536e+00
23150  +2.036553778782e+04 -2.547148097765e+00
23160  +2.034009807356e+04 -2.535405131339e+00
23170  +2.031477617176e+04 -2.523599750800e+00
23180  +2.028957262684e+04 -2.511734775300e+00
23190  +2.026448807615e+04 -2.499809150392e+00
23200  +2.023952321029e+04 -2.487817294171e+00
23210  +2.021467862536e+04 -2.475771119697e+00
23220  +2.018995485006e+04 -2.463658552129e+00
23230  +2.016535262309e+04 -2.451478120537e+00
23240  +2.014087261018e+04 -2.439240905775e+00
23250  +2.011651531601e+04 -2.426927261510e+00
23260  +2.009228158635e+04 -2.414562996850e+00
23270  +2.006817185589e+04 -2.402124104556e+00
23280  +2.004418687270e+04 -2.389619303306e+00
23290  +2.002032737175e+04 -2.377050072132e+00
23300  +1.999659392225e+04 -2.364412030271e+00
23310  +1.997298733879e+04 -2.351714549202e+00
23320  +1.994950814316e+04 -2.338943451448e+00
23330  +1.992615697343e+04 -2.326105293095e+00
23340  +1.990293479196e+04 -2.313195609962e+00
23350  +1.987984194470e+04 -2.300216461006e+00
23360  +1.985687937605e+04 -2.287172481501e+00
23370  +1.983404771559e+04 -2.274057107441e+00
23380  +1.981134774526e+04 -2.260862860462e+00
23390  +1.978878001097e+04 -2.247604787733e+00
23400  +1.976634530261e+04 -2.234272053291e+00
23410  +1.974404446015e+04 -2.220864480406e+00
23420  +1.972187802590e+04 -2.207395493741e+00
23430  +1.969984682134e+04 -2.193835985134e+00
23440  +1.967795161105e+04 -2.180214038944e+00
23450  +1.965619311850e+04 -2.166519613469e+00
23460  +1.963457205313e+04 -2.152739589144e+00
23470  +1.961308921468e+04 -2.138899117246e+00
23480  +1.959174531899e+04 -2.124972140480e+00
23490  +1.957054120836e+04 -2.110968920842e+00
23500  +1.954947755866e+04 -2.096887400335e+00
23510  +1.952855523221e+04 -2.082738236716e+00
23520  +1.950777488078e+04 -2.068505696987e+00
23530  +1.948713735777e+04 -2.054191384575e+00
23540  +1.946664348135e+04 -2.039804254486e+00
23550  +1.944629404968e+04 -2.025333466652e+00
23560  +1.942608979584e+04 -2.010784557516e+00
23570  +1.940603145819e+04 -1.996154708685e+00
23580  +1.938612003670e+04 -1.981443600914e+00
23590  +1.936635627483e+04 -1.966647954443e+00
23600  +1.934674091989e+04 -1.951769570283e+00
23610  +1.932727489064e+04 -1.936815025437e+00
23620  +1.930795888612e+04 -1.921782853519e+00
23630  +1.928879385976e+04 -1.906650984059e+00
23640  +1.926978066720e+04 -1.891454471585e+00
23650  +1.925092003708e+04 -1.876157205274e+00
23660  +1.923221285037e+04 -1.860783775688e+00
23670  +1.921365998887e+04 -1.845324338771e+00
23680  +1.919526226254e+04 -1.829774526070e+00
23690  +1.917702062175e+04 -1.814143614104e+00
23700  +1.915893586387e+04 -1.798421241973e+00
23710  +1.914100887562e+04 -1.782620834494e+00
23720  +1.912324044825e+04 -1.766723149480e+00
23730  +1.910563169240e+04 -1.750746060757e+00
23740  +1.908818326278e+04 -1.734672836480e+00
23750  +1.907089620189e+04 -1.718512249013e+00
23760  +1.905377121892e+04 -1.702265324100e+00
23770  +1.903680942506e+04 -1.685916827346e+00
23780  +1.902001165679e+04 -1.669488023212e+00
23790  +1.900337876185e+04 -1.652967737047e+00
23800  +1.898691167125e+04 -1.636361913504e+00
23810  +1.897061136400e+04 -1.619653077990e+00
23820  +1.895447874362e+04 -1.602862564587e+00
23830  +1.893851469657e+04 -1.585966812512e+00
23840  +1.892272015715e+04 -1.568986796388e+00
23850  +1.890709598558e+04 -1.551912377763e+00
23860  +1.889164329344e+04 -1.534743233510e+00
23870  +1.887636301642e+04 -1.517473006608e+00
23880  +1.886125591729e+04 -1.500120249507e+00
23890  +1.884632309914e+04 -1.482661079554e+00
23900  +1.883156552626e+04 -1.465114152512e+00
23910  +1.881698410349e+04 -1.447465515199e+00
23920  +1.880257979162e+04 -1.429724411829e+00
23930  +1.878835361701e+04 -1.411886916870e+00
23940  +1.877430647054e+04 -1.393948803408e+00
23950  +1.876043936954e+04 -1.375915723877e+00
23960  +1.874675334443e+04 -1.357782452335e+00
23970  +1.873324922788e+04 -1.339554734319e+00
23980  +1.871992823669e+04 -1.321221608645e+00
23990  +1.870679112999e+04 -1.302790797888e+00
24000  +1.869383910076e+04 -1.284260962549e+00
24010  +1.868107305637e+04 -1.265631283091e+00
24020  +1.866849405187e+04 -1.246909135679e+00
24030  +1.865610299162e+04 -1.228071351283e+00
24040  +1.864390097366e+04 -1.209143696048e+00
24050  +1.863188898259e+04 -1.190106451811e+00
24060  +1.862006808388e+04 -1.170975412601e+00
24070  +1.860843923745e+04 -1.151737674086e+00
24080  +1.859700343733e+04 -1.132402569894e+00
24090  +1.858576183720e+04 -1.112957377832e+00
24100  +1.857471530096e+04 -1.093413796222e+00
24110  +1.856386503892e+04 -1.073763894823e+00
24120  +1.855321199725e+04 -1.054018201692e+00
24130  +1.854275717601e+04 -1.034163198561e+00
24140  +1.853250175213e+04 -1.014205099000e+00
24150  +1.852244657192e+04 -9.941350025405e-01
24160  +1.851259284335e+04 -9.739665440798e-01
24170  +1.850294156987e+04 -9.536900738672e-01
24180  +1.849349390645e+04 -9.333109535816e-01
24190  +1.848425065701e+04 -9.128262217775e-01
24200  +1.847521319930e+04 -8.922408554442e-01
24210  +1.846638230889e+04 -8.715407587755e-01
24220  +1.845775917921e+04 -8.507409716176e-01
24230  +1.844934496231e+04 -8.298310233683e-01
24240  +1.844114056823e+04 -8.088144214996e-01
24250  +1.843314708607e+04 -7.876878017023e-01
24260  +1.842536577371e+04 -7.664657970311e-01
24270  +1.841779739224e+04 -7.451225143014e-01
24280  +1.841044338225e+04 -7.236758753312e-01
24290  +1.840330446395e+04 -7.021286091997e-01
24300  +1.839638198746e+04 -6.804670751628e-01
24310  +1.838967691379e+04 -6.586966761614e-01
24320  +1.838319029488e+04 -6.368219402019e-01
24330  +1.837692338142e+04 -6.148341024930e-01
24340  +1.837087699331e+04 -5.927484490117e-01
24350  +1.836505248560e+04 -5.705408445283e-01
24360  +1.835945078064e+04 -5.482284943317e-01
24370  +1.835407295155e+04 -5.258153671236e-01
24380  +1.834892030823e+04 -5.032834698494e-01
24390  +1.834399367727e+04 -4.806469863342e-01
24400  +1.833929419885e+04 -4.579013580455e-01
24410  +1.833482310904e+04 -4.350541140846e-01
24420  +1.833058141125e+04 -4.120888961030e-01
24430  +1.832657025602e+04 -3.890131741002e-01
24440  +1.832279062590e+04 -3.658309916133e-01
24450  +1.831924361179e+04 -3.425422062758e-01
24460  +1.831593045819e+04 -3.191373911215e-01
24470  +1.831285209862e+04 -2.956291964712e-01
24480  +1.831000973549e+04 -2.720150249666e-01
24490  +1.830740450713e+04 -2.482820641209e-01
24500  +1.830503738351e+04 -2.244512191408e-01
24510  +1.830290945285e+04 -2.005057285055e-01
24520  +1.830102186575e+04 -1.764515951553e-01
24530  +1.829937577173e+04 -1.522805736183e-01
24540  +1.829797210531e+04 -1.280097629684e-01
24550  +1.829681214946e+04 -1.036260854640e-01
24560  +1.829589678688e+04 -7.914183526747e-02
24570  +1.829522727058e+04 -5.453842734466e-02
24580  +1.829480463223e+04 -2.982804098858e-02
24590  +1.829462998053e+04 -5.012492345582e-03
24600  +1.829470440775e+04 +1.991552795518e-02
24610  +1.829502901983e+04 +4.494486337680e-02
24620  +1.829560471247e+04 +7.008756701511e-02
24630  +1.829643287879e+04 +9.532931709459e-02
24640  +1.829751426273e+04 +1.206921448082e-01
24650  +1.829885019900e+04 +1.461588547952e-01
24660  +1.830044172343e+04 +1.717249437187e-01
24670  +1.830228981721e+04 +1.974086151661e-01
24680  +1.830439554893e+04 +2.231850208284e-01
24690  +1.830676006708e+04 +2.490805381019e-01
24700  +1.830938448116e+04 +2.750778972455e-01
24710  +1.831226976899e+04 +3.011837631908e-01
24720  +1.831541697356e+04 +3.274000469481e-01
24730  +1.831882712440e+04 +3.537156434316e-01
24740  +1.832250149058e+04 +3.801288162826e-01
24750  +1.832644082431e+04 +4.066572729413e-01
24760  +1.833064645452e+04 +4.332905994288e-01
24770  +1.833511930777e+04 +4.600271678397e-01
24780  +1.833986038474e+04 +4.868648360963e-01
24790  +1.834487078973e+04 +5.138064644353e-01
24800  +1.835015154828e+04 +5.408539957666e-01
24810  +1.835570366392e+04 +5.680078372157e-01
24820  +1.836152815695e+04 +5.952584123067e-01
24830  +1.836762619010e+04 +6.226121799234e-01
24840  +1.837399852861e+04 +6.500695475722e-01
24850  +1.838064652049e+04 +6.776285914991e-01
24860  +1.838757091203e+04 +7.052835189156e-01
24870  +1.839477283776e+04 +7.330458326439e-01
24880  +1.840225321541e+04 +7.609094587901e-01
24890  +1.841001317930e+04 +7.888642488796e-01
24900  +1.841805365314e+04 +8.169276571718e-01
24910  +1.842637552949e+04 +8.450879723405e-01
24920  +1.843497994308e+04 +8.733406759485e-01
24930  +1.844386787310e+04 +9.016954651145e-01
24940  +1.845304025649e+04 +9.301482767427e-01
24950  +1.846249795872e+04 +9.586905969045e-01
24960  +1.847224207279e+04 +9.873349059705e-01
24970  +1.848227359760e+04 +1.016080517819e+00
24980  +1.849259342748e+04 +1.044916367873e+00
24990  +1.850320247571e+04 +1.073839428887e+00
25000  +1.851410169472e+04 +1.102868210644e+00
25010  +1.852529201309e+04 +1.131983801636e+00
25020  +1.853677446392e+04 +1.161186225058e+00
25030  +1.854854988219e+04 +1.190492707737e+00
25040  +1.856061923118e+04 +1.219890044513e+00
25050  +1.857298335359e+04 +1.249366280134e+00
25060  +1.858564324759e+04 +1.278942021612e+00
25070  +1.859859979503e+04 +1.308611525789e+00
25080  +1.861185384960e+04 +1.338365613138e+00
25090  +1.862540639964e+04 +1.368201914224e+00
25100  +1.863925808486e+04 +1.398134562141e+00
25110  +1.865341006607e+04 +1.428143398348e+00
25120  +1.866786307007e+04 +1.458250343945e+00
25130  +1.868261792588e+04 +1.488433548699e+00
25140  +1.869767557449e+04 +1.518714811173e+00
25150  +1.871303687267e+04 +1.549067506745e+00
25160  +1.872870254155e+04 +1.579512359988e+00
25170  +1.874467347249e+04 +1.610029809880e+00
25180  +1.876095047139e+04 +1.640630574352e+00
25190  +1.877753441741e+04 +1.671316091481e+00
25200  +1.879442608777e+04 +1.702087729147e+00
25210  +1.881162630068e+04 +1.732935282139e+00
25220  +1.882913572844e+04 +1.763852628897e+00
25230  +1.884695526747e+04 +1.794858825993e+00
25240  +1.886508566657e+04 +1.825932356152e+00
25250  +1.888352776733e+04 +1.857090360794e+00
25260  +1.890228221126e+04 +1.888316526981e+00
25270  +1.892134973828e+04 +1.919626519924e+00
25280  +1.894073126616e+04 +1.951004343660e+00
25290  +1.896042736317e+04 +1.982460104708e+00
25300  +1.898043876951e+04 +2.013978822796e+00
25310  +1.900076619128e+04 +2.045569945278e+00
25320  +1.902141039877e+04 +2.077238525821e+00
25330  +1.904237206377e+04 +2.108971461199e+00
25340  +1.906365190645e+04 +2.140774421638e+00
25350  +1.908525057429e+04 +2.172637093674e+00
25360  +1.910716868173e+04 +2.204575459768e+00
25370  +1.912940696665e+04 +2.236582558542e+00
25380  +1.915196607820e+04 +2.268639215151e+00
25390  +1.917484658207e+04 +2.300770325963e+00
25400  +1.919804917091e+04 +2.332968142352e+00
25410  +1.922157448802e+04 +2.365213326919e+00
25420  +1.924542302291e+04 +2.397534547427e+00
25430  +1.926959556911e+04 +2.429909042003e+00
25440  +1.929409252994e+04 +2.462337359932e+00
25450  +1.931891462062e+04 +2.494824926317e+00
25460  +1.934406241300e+04 +2.527374289802e+00
25470  +1.936953632909e+04 +2.559972792579e+00
25480  +1.939533698589e+04 +2.592632629119e+00
25490  +1.942146500325e+04 +2.625341953676e+00
25500  +1.944792081327e+04 +2.658096067639e+00
25510  +1.947470493621e+04 +2.690915025126e+00
25520  +1.950181795629e+04 +2.723778781085e+00
25530  +1.952926024439e+04 +2.756684469407e+00
25540  +1.955703242656e+04 +2.789647314635e+00
25550  +1.958513488772e+04 +2.822651746194e+00
25560  +1.961356814331e+04 +2.855707192561e+00
25570  +1.964233255751e+04 +2.888799388073e+00
25580  +1.967142861007e+04 +2.921947201252e+00
25590  +1.970085680354e+04 +2.955129740592e+00
25600  +1.973061744072e+04 +2.988343502502e+00
25610  +1.976071098077e+04 +3.021610410958e+00
25620  +1.979113784003e+04 +3.054910991005e+00
25630  +1.982189832964e+04 +3.088256594609e+00
25640  +1.985299292094e+04 +3.121624078267e+00
25650  +1.988442183135e+04 +3.155038978471e+00
25660  +1.991618554426e+04 +3.188486188713e+00
25670  +1.994828427656e+04 +3.221956613622e+00
25680  +1.998071842186e+04 +3.255469619840e+00
25690  +2.001348819630e+04 +3.289004774292e+00
25700  +2.004659398771e+04 +3.322566338443e+00
25710  +2.008003599532e+04 +3.356164632593e+00
25720  +2.011381458382e+04 +3.389776871312e+00
25730  +2.014792991055e+04 +3.423420917975e+00
25740  +2.018238222682e+04 +3.457091226842e+00
25750  +2.021717178492e+04 +3.490783234027e+00
25760  +2.025229881251e+04 +3.524495590916e+00
25770  +2.028776355582e+04 +3.558226261264e+00
25780  +2.032356605474e+04 +3.591970765772e+00
25790  +2.035970653968e+04 +3.625735424883e+00
25800  +2.039618517190e+04 +3.659510723021e+00
25810  +2.043300222828e+04 +3.693303348457e+00
25820  +2.047015760441e+04 +3.727104822754e+00
25830  +2.050765150123e+04 +3.760924529745e+00
25840  +2.054548406953e+04 +3.794746537412e+00
25850  +2.058365538054e+04 +3.828573107253e+00
25860  +2.062216548883e+04 +3.862410885061e+00
25870  +2.066101436533e+04 +3.896256389589e+00
25880  +2.070020209091e+04 +3.930104032668e+00
25890  +2.073972877004e+04 +3.963944455872e+00
25900  +2.077959434275e+04 +3.997793475672e+00
25910  +2.081979876158e+04 +4.031631572912e+00
25920  +2.086034206895e+04 +4.065480234316e+00
25930  +2.090122417682e+04 +4.099307075920e+00
25940  +2.094244508688e+04 +4.133142014594e+00
25950  +2.098400455817e+04 +4.166957426164e+00
25960  +2.102590272874e+04 +4.200769067951e+00
25970  +2.106813924567e+04 +4.234570798825e+00
25980  +2.111071417998e+04 +4.268350395675e+00
25990  +2.115362721646e+04 +4.302123147560e+00
26000  +2.119687830161e+04 +4.335872459649e+00
26010  +2.124046727788e+04 +4.369608403945e+00
26020  +2.128439376318e+04 +4.403314352545e+00
26030  +2.132865775427e+04 +4.437006634852e+00
26040  +2.137325886251e+04 +4.470663418470e+00
26050  +2.141819697324e+04 +4.504305299918e+00
26060  +2.146347157916e+04 +4.537914235242e+00
26070  +2.150908255305e+04 +4.571487186176e+00
26080  +2.155502960395e+04 +4.605027814537e+00
26090  +2.160131221321e+04 +4.638546358581e+00
26100  +2.164793024443e+04 +4.672010984013e+00
26110  +2.169488305867e+04 +4.705444830599e+00
26120  +2.174217056473e+04 +4.738841395299e+00
26130  +2.178979207657e+04 +4.772189334002e+00
26140  +2.183774715596e+04 +4.805497963176e+00
26150  +2.188603559192e+04 +4.838752279241e+00
26160  +2.193465661326e+04 +4.871959597867e+00
26170  +2.198360985983e+04 +4.905115612769e+00
26180  +2.203289468920e+04 +4.938206460212e+00
26190  +2.208251061470e+04 +4.971257279072e+00
26200  +2.213245706318e+04 +5.004236432148e+00
26210  +2.218273347560e+04 +5.037152076073e+00
26220  +2.223333900796e+04 +5.070014303455e+00
26230  +2.228427324863e+04 +5.102805532868e+00
26240  +2.233553532457e+04 +5.135527689810e+00
26250  +2.238712461154e+04 +5.168174792826e+00
26260  +2.243904043030e+04 +5.200744963954e+00
26270  +2.249128188615e+04 +5.233246757081e+00
26280  +2.254384833100e+04 +5.265657132467e+00
26290  +2.259673880365e+04 +5.297988778047e+00
26300  +2.264995253177e+04 +5.330242114090e+00
26310  +2.270348864911e+04 +5.362405048893e+00
26320  +2.275734631049e+04 +5.394474553227e+00
26330  +2.281152446667e+04 +5.426439208553e+00
26340  +2.286602223844e+04 +5.458317990909e+00
26350  +2.292083852430e+04 +5.490092831244e+00
26360  +2.297597245545e+04 +5.521768391449e+00
26370  +2.303142289888e+04 +5.553332329868e+00
26380  +2.308718872992e+04 +5.584796659253e+00
26390  +2.314326896686e+04 +5.616135483553e+00
26400  +2.319966231590e+04 +5.647366872486e+00
26410  +2.325636760798e+04 +5.678467643201e+00
26420  +2.331338373065e+04 +5.709458447197e+00
26430  +2.337070932645e+04 +5.740313331335e+00
26440  +2.342834319965e+04 +5.771037593606e+00
26450  +2.348628392867e+04 +5.801632794982e+00
26460  +2.354453020020e+04 +5.832091871142e+00
26470  +2.360308067937e+04 +5.862411293717e+00
26480  +2.366193388057e+04 +5.892584760445e+00
26490  +2.372108829310e+04 +5.922605415748e+00
26500  +2.378054249971e+04 +5.952476251248e+00
26510  +2.384029487031e+04 +5.982189652641e+00
26520  +2.390034391265e+04 +6.011748141872e+00
26530  +2.396068794168e+04 +6.041133303243e+00
26540  +2.402132526021e+04 +6.070356339323e+00
26550  +2.408225415050e+04 +6.099406401958e+00
26560  +2.414347295516e+04 +6.128279282707e+00
26570  +2.420497983727e+04 +6.156972206735e+00
26580  +2.426677299769e+04 +6.185479154021e+00
26590  +2.432885055102e+04 +6.213795748087e+00
26600  +2.439121043404e+04 +6.241917339412e+00
26610  +2.445385085928e+04 +6.269837855787e+00
26620  +2.451676972657e+04 +6.297554990180e+00
26630  +2.457996494909e+04 +6.325068373981e+00
26640  +2.464343446303e+04 +6.352372709197e+00
26650  +2.470717607035e+04 +6.379449794423e+00
26660  +2.477118769773e+04 +6.406314527768e+00
26670  +2.483546699129e+04 +6.432940071610e+00
26680  +2.490001160339e+04 +6.459346644311e+00
26690  +2.496481919155e+04 +6.485507050225e+00
26700  +2.502988738256e+04 +6.511424216623e+00
26710  +2.509521375647e+04 +6.537094206222e+00
26720  +2.516079578651e+04 +6.562513975731e+00
26730  +2.522663091429e+04 +6.587678780694e+00
26740  +2.529271645425e+04 +6.612569857993e+00
26750  +2.535904984235e+04 +6.637200776254e+00
26760  +2.542562820628e+04 +6.661552469040e+00
26770  +2.549244893048e+04 +6.685616083937e+00
26780  +2.555950912472e+04 +6.709402312225e+00
26790  +2.562680575529e+04 +6.732900930725e+00
26800  +2.569433602030e+04 +6.756095926984e+00
26810  +2.576209698495e+04 +6.778983159561e+00
26820  +2.583008530542e+04 +6.801565843639e+00
26830  +2.589829814505e+04 +6.823838450399e+00
26840  +2.596673214671e+04 +6.845780749663e+00
26850  +2.603538405308e+04 +6.867402621712e+00
26860  +2.610425071591e+04 +6.888683333736e+00
26870  +2.617332855464e+04 +6.909631572939e+00
26880  +2.624261419934e+04 +6.930231058870e+00
26890  +2.631210428995e+04 +6.950481349666e+00
26900  +2.638179507021e+04 +6.970364875466e+00
26910  +2.645168309292e+04 +6.989890795185e+00
26920  +2.652176455625e+04 +7.009042730203e+00
26930  +2.659203575261e+04 +7.027815140258e+00
26940  +2.666249276437e+04 +7.046208905383e+00
26950  +2.673313194752e+04 +7.064203929124e+00
26960  +2.680394909809e+04 +7.081808995179e+00
26970  +2.687494029674e+04 +7.099005276620e+00
26980  +2.694610159354e+04 +7.115791513490e+00
26990  +2.701742864027e+04 +7.132161144802e+00
27000  +2.708891734472e+04 +7.148102153411e+00
27010  +2.716056333539e+04 +7.163618834973e+00
27020  +2.723236235575e+04 +7.178693368190e+00
27030  +2.730431005687e+04 +7.193332864572e+00
27040  +2.737640172828e+04 +7.207513456429e+00
27050  +2.744863312798e+04 +7.221235907424e+00
27060  +2.752099934671e+04 +7.234499165621e+00
27070  +2.759349584135e+04 +7.247289499001e+00
27080  +2.766611796554e+04 +7.259606239423e+00
27090  +2.773886069059e+04 +7.271428857824e+00
27100  +2.781171924594e+04 +7.282769773869e+00
27110  +2.788468872550e+04 +7.293608738660e+00
27120  +2.795776406945e+04 +7.303945734228e+00
27130  +2.803094011892e+04 +7.313767939293e+00
27140  +2.810421188067e+04 +7.323083519902e+00
27150  +2.817757404358e+04 +7.331860084138e+00
27160  +2.825102134673e+04 +7.340122416839e+00
27170  +2.832454852480e+04 +7.347834896745e+00
27180  +2.839815000688e+04 +7.355009170287e+00
27190  +2.847182051731e+04 +7.361633307891e+00
27200  +2.854555440981e+04 +7.367708376957e+00
27210  +2.861934620192e+04 +7.373217811666e+00
27220  +2.869319014919e+04 +7.378156920953e+00
