 2470  +8.447268882763e+03 -2.042420229134e+00
 2480  +8.426875694022e+03 -2.036140826015e+00
 2490  +8.406546126464e+03 -2.029815359530e+00
 2500  +8.386279651783e+03 -2.023438005249e+00
 2510  +8.366077333441e+03 -2.017028494973e+00
 2520  +8.345939179726e+03 -2.010587777759e+00
 2530  +8.325865936569e+03 -2.004085135080e+00
 2540  +8.305857568980e+03 -1.997564682156e+00
 2550  +8.285914701505e+03 -1.991023661356e+00
 2560  +8.266037549703e+03 -1.984407781007e+00
 2570  +8.246226959401e+03 -1.977775687113e+00
 2580  +8.226482602913e+03 -1.971084240289e+00
 2590  +8.206805074757e+03 -1.964386377763e+00
 2600  +8.187194824578e+03 -1.957631141742e+00
 2610  +8.167652421510e+03 -1.950866202285e+00
 2620  +8.148178099077e+03 -1.944023286009e+00
 2630  +8.128771980004e+03 -1.937172548446e+00
 2640  +8.109434707694e+03 -1.930263921708e+00
 2650  +8.090166541151e+03 -1.923373000566e+00
 2660  +8.070967570213e+03 -1.916404045538e+00
 2670  +8.051838449289e+03 -1.909404629487e+00
 2680  +8.032779622150e+03 -1.902345354499e+00
 2690  +8.013791130414e+03 -1.895322844381e+00
 2700  +7.994873391570e+03 -1.888206608775e+00
 2710  +7.976026797486e+03 -1.881084821497e+00
 2720  +7.957251960638e+03 -1.873918732107e+00
 2730  +7.938548746547e+03 -1.866725022397e+00
 2740  +7.919917605228e+03 -1.859500817419e+00
 2750  +7.901359111247e+03 -1.852208305449e+00
 2760  +7.882873400336e+03 -1.844908075955e+00
 2770  +7.864460756064e+03 -1.837586933437e+00
 2780  +7.846121832878e+03 -1.830238750087e+00
 2790  +7.827856497459e+03 -1.822837559043e+00
 2800  +7.809665470584e+03 -1.815391649072e+00
 2810  +7.791548683250e+03 -1.807937649469e+00
 2820  +7.773506831557e+03 -1.800429699399e+00
 2830  +7.755540348717e+03 -1.792923354995e+00
 2840  +7.737648818490e+03 -1.785349009762e+00
 2850  +7.719833432252e+03 -1.777751381173e+00
 2860  +7.702093609826e+03 -1.770128530360e+00
 2870  +7.684430485788e+03 -1.762473260267e+00
 2880  +7.666843996478e+03 -1.754800014656e+00
 2890  +7.649334780632e+03 -1.747067807051e+00
 2900  +7.631902579505e+03 -1.739326288682e+00
 2910  +7.614548294824e+03 -1.731537260044e+00
 2920  +7.597271672911e+03 -1.723741258604e+00
 2930  +7.580073539820e+03 -1.715905596812e+00
 2940  +7.562953948882e+03 -1.708028478079e+00
 2950  +7.545913215055e+03 -1.700120421746e+00
 2960  +7.528951608269e+03 -1.692189188626e+00
 2970  +7.512069607041e+03 -1.684202119000e+00
 2980  +7.495267259429e+03 -1.676212712542e+00
 2990  +7.478545089749e+03 -1.668192283463e+00
 3000  +7.461903473947e+03 -1.660155910936e+00
 3010  +7.445342259553e+03 -1.652065953068e+00
 3020  +7.428862265729e+03 -1.643943621786e+00
 3030  +7.412463389721e+03 -1.635786575301e+00
 3040  +7.396146509551e+03 -1.627634095994e+00
 3050  +7.379911452172e+03 -1.619416514110e+00
 3060  +7.363758267669e+03 -1.611159982478e+00
 3070  +7.347688132495e+03 -1.602906211118e+00
 3080  +7.331700228334e+03 -1.594610805345e+00
 3090  +7.315795858745e+03 -1.586299826804e+00
 3100  +7.299974888163e+03 -1.577932967242e+00
 3110  +7.284237457099e+03 -1.569541599744e+00
 3120  +7.268584081021e+03 -1.561133175910e+00
 3130  +7.253014792952e+03 -1.552676757933e+00
 3140  +7.237530239614e+03 -1.544221166984e+00
 3150  +7.222130779715e+03 -1.535714874077e+00
 3160  +7.206816342545e+03 -1.527167155003e+00
 3170  +7.191587249012e+03 -1.518615734331e+00
 3180  +7.176444207877e+03 -1.510012437259e+00
 3190  +7.161386985419e+03 -1.501399409974e+00
 3200  +7.146416305821e+03 -1.492742260548e+00
 3210  +7.131532176942e+03 -1.484075335937e+00
 3220  +7.116734967952e+03 -1.475355392526e+00
 3230  +7.102024732513e+03 -1.466628887020e+00
 3240  +7.087402377236e+03 -1.457867507403e+00
 3250  +7.072867711125e+03 -1.449070496264e+00
 3260  +7.058420786229e+03 -1.440243381525e+00
 3270  +7.044062697607e+03 -1.431389694831e+00
 3280  +7.029792967283e+03 -1.422513039273e+00
 3290  +7.015612264234e+03 -1.413615566260e+00
 3300  +7.001520882734e+03 -1.404669610280e+00
 3310  +6.987518756244e+03 -1.395728520797e+00
 3320  +6.973606949223e+03 -1.386716869263e+00
 3330  +6.959784676652e+03 -1.377693097601e+00
 3340  +6.946053139370e+03 -1.368643181028e+00
 3350  +6.932412055896e+03 -1.359573649504e+00
 3360  +6.918862107386e+03 -1.350447272033e+00
 3370  +6.905402869700e+03 -1.341308553116e+00
 3380  +6.892035604480e+03 -1.332168412224e+00
 3390  +6.878759829846e+03 -1.322969109840e+00
 3400  +6.865576490969e+03 -1.313734050125e+00
 3410  +6.852485341495e+03 -1.304484305856e+00
 3420  +6.839486660638e+03 -1.295221521716e+00
 3430  +6.826580826055e+03 -1.285924600751e+00
 3440  +6.813768422337e+03 -1.276603188978e+00
 3450  +6.801049158688e+03 -1.267224266693e+00
 3460  +6.788423790109e+03 -1.257826759329e+00
 3470  +6.775892575237e+03 -1.248430473492e+00
 3480  +6.763455247018e+03 -1.238977724148e+00
 3490  +6.751112916154e+03 -1.229496269468e+00
 3500  +6.738865248132e+03 -1.220013914648e+00
 3510  +6.726712560528e+03 -1.210488213127e+00
 3520  +6.714655689222e+03 -1.200957664321e+00
 3530  +6.702693876147e+03 -1.191374692421e+00
 3540  +6.690828276915e+03 -1.181762490904e+00
 3550  +6.679058798068e+03 -1.172132309951e+00
 3560  +6.667385702560e+03 -1.162480660751e+00
 3570  +6.655809701315e+03 -1.152778001689e+00
 3580  +6.644330091905e+03 -1.143072454943e+00
 3590  +6.632948187284e+03 -1.133328515295e+00
 3600  +6.621663774844e+03 -1.123573105052e+00
 3610  +6.610477059119e+03 -1.113784284416e+00
 3620  +6.599388409603e+03 -1.103945140493e+00
 3630  +6.588398023976e+03 -1.094093777619e+00
 3640  +6.577506210280e+03 -1.084232848565e+00
 3650  +6.566713284645e+03 -1.074341427945e+00
 3660  +6.556019728643e+03 -1.064400896244e+00
 3670  +6.545425139736e+03 -1.054461490790e+00
 3680  +6.534930452829e+03 -1.044473405990e+00
 3690  +6.524535500559e+03 -1.034488296702e+00
 3700  +6.514240646049e+03 -1.024438777617e+00
 3710  +6.504046460168e+03 -1.014410350436e+00
 3720  +6.493952589601e+03 -1.004330815409e+00
 3730  +6.483959965555e+03 -9.942261894827e-01
 3740  +6.474068100292e+03 -9.840970747550e-01
 3750  +6.464278015982e+03 -9.739606270839e-01
 3760  +6.454589287728e+03 -9.637729393052e-01
 3770  +6.445002330269e+03 -9.535741347492e-01
 3780  +6.435517707020e+03 -9.433669077302e-01
 3790  +6.426135641717e+03 -9.330911142801e-01
 3800  +6.416856037281e+03 -9.228182109210e-01
 3810  +6.407679249743e+03 -9.125265746934e-01
 3820  +6.398605731731e+03 -9.021842938935e-01
 3830  +6.389635441297e+03 -8.918314902114e-01
 3840  +6.380768748571e+03 -8.814838026438e-01
 3850  +6.372005759810e+03 -8.710896544770e-01
 3860  +6.363346776531e+03 -8.606692486494e-01
 3870  +6.354792331302e+03 -8.502319351350e-01
 3880  +6.346342333364e+03 -8.397797253825e-01
 3890  +6.337997050361e+03 -8.292693064041e-01
 3900  +6.329756752657e+03 -8.187803074711e-01
 3910  +6.321621624771e+03 -8.082484819023e-01
 3920  +6.313591866338e+03 -7.976987220331e-01
 3930  +6.305667963817e+03 -7.871102873435e-01
 3940  +6.297849549428e+03 -7.765318237177e-01
 3950  +6.290137239205e+03 -7.659008403538e-01
 3960  +6.282531207278e+03 -7.552845317452e-01
 3970  +6.275031993027e+03 -7.446089392896e-01
 3980  +6.267639219191e+03 -7.339288459118e-01
 3990  +6.260353575223e+03 -7.232118031477e-01
 4000  +6.253174988339e+03 -7.124972416286e-01
 4010  +6.246103737289e+03 -7.017425927467e-01
 4020  +6.239140084064e+03 -6.909976749736e-01
 4030  +6.232283918786e+03 -6.802193448933e-01
 4040  +6.225535774218e+03 -6.694030851363e-01
 4050  +6.218895722968e+03 -6.585752376215e-01
 4060  +6.212364156929e+03 -6.477387009155e-01
 4070  +6.205940850317e+03 -6.368923359754e-01
 4080  +6.199626459389e+03 -6.260193477714e-01
 4090  +6.193420742816e+03 -6.151066257815e-01
 4100  +6.187324247215e+03 -6.041920452083e-01
 4110  +6.181336863514e+03 -5.932703742950e-01
 4120  +6.175459187971e+03 -5.823060791763e-01
 4130  +6.169690739731e+03 -5.713463735979e-01
 4140  +6.164032356559e+03 -5.603543664883e-01
 4150  +6.158483753541e+03 -5.493427897941e-01
 4160  +6.153045174469e+03 -5.383513098577e-01
 4170  +6.147717007079e+03 -5.273078251253e-01
 4180  +6.142498972850e+03 -5.162630675252e-01
 4190  +6.137391957969e+03 -5.052016008029e-01
 4200  +6.132395510252e+03 -4.940972740169e-01
 4210  +6.127509828293e+03 -4.830077266282e-01
 4220  +6.122735243560e+03 -4.718949597470e-01
 4230  +6.118072073400e+03 -4.607835051258e-01
 4240  +6.113520063485e+03 -4.496128694609e-01
 4250  +6.109079650199e+03 -4.384722843811e-01
 4260  +6.104750615446e+03 -4.273145202667e-01
 4270  +6.100533304452e+03 -4.161180544414e-01
 4280  +6.096428103558e+03 -4.049497706104e-01
 4290  +6.092434884116e+03 -3.937330976124e-01
 4300  +6.088553649993e+03 -3.825020393532e-01
 4310  +6.084784686421e+03 -3.712859100148e-01
 4320  +6.081128280282e+03 -3.600393197801e-01
 4330  +6.077584302585e+03 -3.487818854548e-01
 4340  +6.074152625252e+03 -3.375179979790e-01
 4350  +6.070833882677e+03 -3.262468784678e-01
 4360  +6.067628192025e+03 -3.149525039092e-01
 4370  +6.064534833929e+03 -3.036627869732e-01
 4380  +6.061555162990e+03 -2.923560687862e-01
 4390  +6.058688328467e+03 -2.810377586279e-01
 4400  +6.055934348673e+03 -2.697027815281e-01
 4410  +6.053293966729e+03 -2.583802060953e-01
 4420  +6.050767102475e+03 -2.470263921218e-01
 4430  +6.048353321620e+03 -2.356786632192e-01
 4440  +6.046053450673e+03 -2.243322730941e-01
 4450  +6.043867032297e+03 -2.129519595841e-01
 4460  +6.041794133578e+03 -2.015914041730e-01
 4470  +6.039835197697e+03 -1.901993962747e-01
 4480  +6.037989950299e+03 -1.788416968560e-01
 4490  +6.036258430623e+03 -1.674410447391e-01
 4500  +6.034641267839e+03 -1.560387168234e-01
 4510  +6.033137656696e+03 -1.446342855869e-01
 4520  +6.031748412590e+03 -1.332257384363e-01
 4530  +6.030472914554e+03 -1.218484450430e-01
 4540  +6.029311633578e+03 -1.104219611777e-01
 4550  +6.028264710685e+03 -9.901330527472e-02
 4560  +6.027331760852e+03 -8.758388040117e-02
 4570  +6.026512835580e+03 -7.615198279049e-02
 4580  +6.025808655283e+03 -6.472166183233e-02
 4590  +6.025218416415e+03 -5.331521973404e-02
 4600  +6.024742422675e+03 -4.189219479782e-02
 4610  +6.024380723381e+03 -3.044009198815e-02
 4620  +6.024133367097e+03 -1.901563571040e-02
 4630  +6.024000370392e+03 -7.582038548560e-03
 4640  +6.023981760684e+03 +3.847454995423e-03
 4650  +6.024077409711e+03 +1.527716085402e-02
 4660  +6.024287282977e+03 +2.672388688126e-02
 4670  +6.024611639214e+03 +3.814028379459e-02
 4680  +6.025050274887e+03 +4.958422018031e-02
 4690  +6.025603197055e+03 +6.100810823115e-02
 4700  +6.026270196519e+03 +7.242753369577e-02
 4710  +6.027051753101e+03 +8.385458416969e-02
 4720  +6.027947320659e+03 +9.526807585353e-02
 4730  +6.028956984779e+03 +1.066730849005e-01
 4740  +6.030081145029e+03 +1.181191771017e-01
 4750  +6.031319082377e+03 +1.295075179254e-01
 4760  +6.032671285031e+03 +1.409186461595e-01
 4770  +6.034137415047e+03 +1.523213446071e-01
 4780  +6.035717701332e+03 +1.637271985302e-01
 4790  +6.037411718582e+03 +1.751088838007e-01
 4800  +6.039219909542e+03 +1.864846029622e-01
 4810  +6.041141696126e+03 +1.978771199305e-01
 4820  +6.043177261498e+03 +2.092458531248e-01
 4830  +6.045326617557e+03 +2.206114344121e-01
 4840  +6.047589292895e+03 +2.319742085591e-01
 4850  +6.049966122447e+03 +2.433258104729e-01
 4860  +6.052455975058e+03 +2.546820224973e-01
 4870  +6.055059438779e+03 +2.660095565461e-01
 4880  +6.057775820782e+03 +2.773258158331e-01
 4890  +6.060606019777e+03 +2.886603963781e-01
 4900  +6.063548941444e+03 +2.999574044022e-01
 4910  +6.066605255831e+03 +3.112652816439e-01
 4920  +6.069774139694e+03 +3.225521380507e-01
 4930  +6.073056182183e+03 +3.338113886514e-01
 4940  +6.076450837538e+03 +3.451121747392e-01
 4950  +6.079958057076e+03 +3.563635227318e-01
 4960  +6.083577929822e+03 +3.676142320799e-01
 4970  +6.087310071379e+03 +3.788264505783e-01
 4980  +6.091154599215e+03 +3.900535716037e-01
 4990  +6.095111231593e+03 +4.012878094231e-01
 5000  +6.099179819195e+03 +4.124697225231e-01
 5010  +6.103360691877e+03 +4.236502829952e-01
 5020  +6.107653089446e+03 +4.348226442743e-01
 5030  +6.112056891979e+03 +4.460006644466e-01
 5040  +6.116572717684e+03 +4.571329264148e-01
 5050  +6.121199477215e+03 +4.682679080743e-01
 5060  +6.125937918667e+03 +4.793959469767e-01
 5070  +6.130787251582e+03 +4.904878541257e-01
 5080  +6.135747276374e+03 +5.015696213957e-01
 5090  +6.140818647767e+03 +5.126356394003e-01
 5100  +6.146000096472e+03 +5.236884640569e-01
 5110  +6.151292291641e+03 +5.347324866355e-01
 5120  +6.156695185645e+03 +5.457811100404e-01
 5130  +6.162207410205e+03 +5.567645249427e-01
 5140  +6.167830002438e+03 +5.677655844357e-01
 5150  +6.173562486024e+03 +5.787453370780e-01
 5160  +6.179404784137e+03 +5.897013685708e-01
 5170  +6.185356246245e+03 +6.006337831751e-01
 5180  +6.191417146326e+03 +6.115302378435e-01
 5190  +6.197587140432e+03 +6.224478656343e-01
 5200  +6.203866079413e+03 +6.333373346773e-01
 5210  +6.210253811739e+03 +6.441956467392e-01
 5220  +6.216750020861e+03 +6.550537554754e-01
 5230  +6.223354761064e+03 +6.658899643449e-01
 5240  +6.230067296944e+03 +6.766755094827e-01
 5250  +6.236888309236e+03 +6.874847219003e-01
 5260  +6.243816840386e+03 +6.982369346534e-01
 5270  +6.250853293180e+03 +7.089860721890e-01
 5280  +6.257996609470e+03 +7.197187696488e-01
 5290  +6.265247453517e+03 +7.304323998112e-01
 5300  +6.272605225329e+03 +7.411121939595e-01
 5310  +6.280069791718e+03 +7.517924053628e-01
 5320  +6.287640918764e+03 +7.624357541449e-01
 5330  +6.295318462502e+03 +7.730605493403e-01
 5340  +6.303101980429e+03 +7.836590594684e-01
 5350  +6.310991654886e+03 +7.942294347265e-01
 5360  +6.318986721482e+03 +8.048273559939e-01
 5370  +6.327087544484e+03 +8.153437875742e-01
 5380  +6.335293480012e+03 +8.258419758006e-01
 5390  +6.343604612845e+03 +8.363466013896e-01
 5400  +6.352020455865e+03 +8.468111105552e-01
 5410  +6.360540931246e+03 +8.572595404555e-01
 5420  +6.369165530682e+03 +8.677025644039e-01
 5430  +6.377894562423e+03 +8.781090193713e-01
 5440  +6.386727445973e+03 +8.884665353368e-01
 5450  +6.395663724627e+03 +8.988140228204e-01
 5460  +6.404704004830e+03 +9.091553077200e-01
 5470  +6.413846842375e+03 +9.194648636244e-01
 5480  +6.423092913203e+03 +9.297584357059e-01
 5490  +6.432441527415e+03 +9.399950152726e-01
 5500  +6.441892819601e+03 +9.502291620051e-01
 5510  +6.451446378603e+03 +9.604328728649e-01
 5520  +6.461101700412e+03 +9.706123268592e-01
 5530  +6.470858705747e+03 +9.807894182468e-01
 5540  +6.480717417076e+03 +9.909208284296e-01
 5550  +6.490677276769e+03 +1.001020976704e+00
 5560  +6.500737867611e+03 +1.011108998738e+00
 5570  +6.510899456250e+03 +1.021188044608e+00
 5580  +6.521161342736e+03 +1.031235707915e+00
 5590  +6.531523763842e+03 +1.041229379895e+00
 5600  +6.541985775847e+03 +1.051208531674e+00
 5610  +6.552547747093e+03 +1.061156649503e+00
 5620  +6.563209315914e+03 +1.071087749403e+00
 5630  +6.573969547304e+03 +1.080990246477e+00
 5640  +6.584829185628e+03 +1.090888799719e+00
 5650  +6.595787278913e+03 +1.100744620468e+00
 5660  +6.606843854341e+03 +1.110573654853e+00
 5670  +6.617998608877e+03 +1.120354689981e+00
 5680  +6.629251309961e+03 +1.130136461573e+00
 5690  +6.640601374465e+03 +1.139898058663e+00
 5700  +6.652048599052e+03 +1.149608887274e+00
 5710  +6.663593402164e+03 +1.159296688602e+00
 5720  +6.675234903558e+03 +1.168958122670e+00
 5730  +6.686972795896e+03 +1.178603521301e+00
 5740  +6.698807352233e+03 +1.188218175366e+00
 5750  +6.710737505997e+03 +1.197829072827e+00
 5760  +6.722763552664e+03 +1.207395128191e+00
 5770  +6.734884909152e+03 +1.216908353280e+00
 5780  +6.747101323605e+03 +1.226418090332e+00
 5790  +6.759413256008e+03 +1.235879309525e+00
 5800  +6.771819280620e+03 +1.245349300684e+00
 5810  +6.784319926852e+03 +1.254753588538e+00
 5820  +6.796914554524e+03 +1.264144112023e+00
 5830  +6.809602997689e+03 +1.273547674572e+00
 5840  +6.822385113341e+03 +1.282886110380e+00
 5850  +6.835260514071e+03 +1.292190941028e+00
 5860  +6.848228696398e+03 +1.301479051189e+00
 5870  +6.861289694650e+03 +1.310723097371e+00
 5880  +6.874443082614e+03 +1.319965506986e+00
 5890  +6.887688753218e+03 +1.329169029876e+00
 5900  +6.901026161560e+03 +1.338342098090e+00
 5910  +6.914455229618e+03 +1.347458905526e+00
 5920  +6.927975624598e+03 +1.356600560120e+00
 5930  +6.941587072162e+03 +1.365668170946e+00
 5940  +6.955289282879e+03 +1.374748916590e+00
 5950  +6.969081542490e+03 +1.383771301984e+00
 5960  +6.982964460265e+03 +1.392762654197e+00
 5970  +6.996937100956e+03 +1.401755265138e+00
 5980  +7.010999277157e+03 +1.410696079110e+00
 5990  +7.025150919538e+03 +1.419602049242e+00
 6000  +7.039391575132e+03 +1.428512498708e+00
 6010  +7.053720873501e+03 +1.437354274738e+00
 6020  +7.068138727143e+03 +1.446174150932e+00
 6030  +7.082644609082e+03 +1.455004222471e+00
 6040  +7.097238384267e+03 +1.463790439962e+00
 6050  +7.111920078960e+03 +1.472523569608e+00
 6060  +7.126688884241e+03 +1.481255861541e+00
 6070  +7.141544708326e+03 +1.489912304598e+00
 6080  +7.156487279558e+03 +1.498580441528e+00
 6090  +7.171516023233e+03 +1.507206325048e+00
 6100  +7.186631262099e+03 +1.515796762791e+00
 6110  +7.201832210692e+03 +1.524391857203e+00
 6120  +7.217118769653e+03 +1.532922744751e+00
 6130  +7.232490555326e+03 +1.541435160349e+00
 6140  +7.247947460049e+03 +1.549938085211e+00
 6150  +7.263488880545e+03 +1.558363571434e+00
 6160  +7.279114765721e+03 +1.566802356520e+00
 6170  +7.294824841472e+03 +1.575197177049e+00
 6180  +7.310618679893e+03 +1.583571414805e+00
 6190  +7.326495842015e+03 +1.591888460536e+00
 6200  +7.342456153479e+03 +1.600183190238e+00
 6210  +7.358499626680e+03 +1.608487823229e+00
 6220  +7.374625780337e+03 +1.616712923729e+00
 6230  +7.390834232930e+03 +1.624944488661e+00
 6240  +7.407124336652e+03 +1.633143675845e+00
 6250  +7.423496443372e+03 +1.641276279182e+00
 6260  +7.439949916478e+03 +1.649416914232e+00
 6270  +7.456484534034e+03 +1.657508614373e+00
 6280  +7.473100116812e+03 +1.665579445476e+00
 6290  +7.489796197081e+03 +1.673628712792e+00
 6300  +7.506572076285e+03 +1.681622513102e+00
 6310  +7.523428034858e+03 +1.689603346210e+00
 6320  +7.540363981039e+03 +1.697517887158e+00
 6330  +7.557378780003e+03 +1.705431091869e+00
 6340  +7.574472589461e+03 +1.713330557403e+00
 6350  +7.591645412386e+03 +1.721170143654e+00
 6360  +7.608896243386e+03 +1.729011517383e+00
 6370  +7.626225413871e+03 +1.736806005204e+00
 6380  +7.643632036488e+03 +1.744560187580e+00
 6390  +7.661116139432e+03 +1.752272334262e+00
 6400  +7.678677365730e+03 +1.759980457835e+00
 6410  +7.696315597928e+03 +1.767615599055e+00
 6420  +7.714030160684e+03 +1.775296168171e+00
 6430  +7.731821046345e+03 +1.782875834422e+00
 6440  +7.749687482026e+03 +1.790467293076e+00
 6450  +7.767629691228e+03 +1.797993208639e+00
 6460  +7.785646970939e+03 +1.805480400394e+00
 6470  +7.803739263243e+03 +1.812967041081e+00
 6480  +7.821906169253e+03 +1.820394666195e+00
 6490  +7.840147336980e+03 +1.827795476064e+00
 6500  +7.858462356998e+03 +1.835193607893e+00
 6510  +7.876850808155e+03 +1.842536044281e+00
 6520  +7.895312694559e+03 +1.849832531162e+00
 6530  +7.913847582765e+03 +1.857108348809e+00
 6540  +7.932455049622e+03 +1.864352832591e+00
 6550  +7.951134699592e+03 +1.871573157795e+00
 6560  +7.969886093476e+03 +1.878746856605e+00
 6570  +7.988709584470e+03 +1.885896608382e+00
 6580  +8.007603894480e+03 +1.892986144626e+00
 6590  +8.026569329167e+03 +1.900071515154e+00
 6600  +8.045605184027e+03 +1.907112623331e+00
 6610  +8.064711379317e+03 +1.914134059753e+00
 6620  +8.083887461074e+03 +1.921093289653e+00
 6630  +8.103133076038e+03 +1.928049135840e+00
 6640  +8.122448093188e+03 +1.934938807407e+00
 6650  +8.141831795330e+03 +1.941780630074e+00
 6660  +8.161283837451e+03 +1.948638358231e+00
 6670  +8.180804023251e+03 +1.955424195687e+00
 6680  +8.200392099462e+03 +1.962200241698e+00
 6690  +8.220047489759e+03 +1.968919637211e+00
 6700  +8.239769882920e+03 +1.975590098179e+00
 6710  +8.259559066337e+03 +1.982232000431e+00
 6720  +8.279414700177e+03 +1.988868700001e+00
 6730  +8.299336251513e+03 +1.995415165429e+00
 6740  +8.319322997613e+03 +2.001947431902e+00
 6750  +8.339375280022e+03 +2.008459382797e+00
 6760  +8.359492379754e+03 +2.014937674756e+00
 6770  +8.379673849535e+03 +2.021352171958e+00
 6780  +8.399919298850e+03 +2.027735130264e+00
 6790  +8.420228318897e+03 +2.034074401692e+00
 6800  +8.440600683743e+03 +2.040396861563e+00
11740  +8.453910392167e+03 -2.044508029670e+00
11750  +8.433496785914e+03 -2.038234023114e+00
11760  +8.413145958145e+03 -2.031911677924e+00
11770  +8.392858667059e+03 -2.025546105299e+00
11780  +8.372635157044e+03 -2.019166315532e+00
11790  +8.352475909852e+03 -2.012720964002e+00
11800  +8.332381160882e+03 -2.006250164974e+00
11810  +8.312351295110e+03 -1.999713334061e+00
11820  +8.292386848883e+03 -1.993172575532e+00
11830  +8.272487838769e+03 -1.986588826898e+00
11840  +8.252655100418e+03 -1.979954710392e+00
11850  +8.232888921067e+03 -1.973305056916e+00
11860  +8.213189381701e+03 -1.966592119274e+00
11870  +8.193557070994e+03 -1.959856892817e+00
11880  +8.173992327244e+03 -1.953090718099e+00
11890  +8.154495361223e+03 -1.946295609674e+00
11900  +8.135066744614e+03 -1.939442321804e+00
11910  +8.115706462804e+03 -1.932569085716e+00
11920  +8.096415529023e+03 -1.925651589085e+00
11930  +8.077193822219e+03 -1.918691638868e+00
11940  +8.058041681411e+03 -1.911689579666e+00
11950  +8.038959568507e+03 -1.904705063887e+00
11960  +8.019947938314e+03 -1.897654728353e+00
11970  +8.001006652512e+03 -1.890566244323e+00
11980  +7.982137002038e+03 -1.883438260637e+00
11990  +7.963338233093e+03 -1.876268985807e+00
12000  +7.944611299334e+03 -1.869090072567e+00
12010  +7.925956379081e+03 -1.861870235962e+00
12020  +7.907373844159e+03 -1.854608299713e+00
12030  +7.888864145508e+03 -1.847317051058e+00
12040  +7.870427509311e+03 -1.840010571843e+00
12050  +7.852064095375e+03 -1.832639127308e+00
12060  +7.833774564013e+03 -1.825283853651e+00
12070  +7.815558731254e+03 -1.817834338687e+00
12080  +7.797417721126e+03 -1.810380091844e+00
12090  +7.779351247480e+03 -1.802917612598e+00
12100  +7.761359534343e+03 -1.795404038912e+00
12110  +7.743443331843e+03 -1.787855742844e+00
12120  +7.725602718583e+03 -1.780267713435e+00
12130  +7.707838285869e+03 -1.772639871718e+00
12140  +7.690149882928e+03 -1.765011048451e+00
12150  +7.672538241218e+03 -1.757326265816e+00
12160  +7.655003445365e+03 -1.749613361985e+00
12170  +7.637545927666e+03 -1.741880804870e+00
12180  +7.620165880705e+03 -1.734114989216e+00
12190  +7.602863719193e+03 -1.726302981772e+00
12200  +7.585639642561e+03 -1.718474829687e+00
12210  +7.568494053968e+03 -1.710617429626e+00
12220  +7.551427344336e+03 -1.702722652568e+00
12230  +7.534439704734e+03 -1.694803172493e+00
12240  +7.517531251466e+03 -1.686845823394e+00
12250  +7.500702990947e+03 -1.678859767580e+00
12260  +7.483954315774e+03 -1.670830254772e+00
12270  +7.467286258106e+03 -1.662813008912e+00
12280  +7.450698388237e+03 -1.654732667165e+00
12290  +7.434191844872e+03 -1.646627665510e+00
12300  +7.417766421172e+03 -1.638476265783e+00
12310  +7.401422404288e+03 -1.630296603960e+00
12320  +7.385160270849e+03 -1.622113570543e+00
12330  +7.368980013497e+03 -1.613905961481e+00
12340  +7.352882428346e+03 -1.605616263948e+00
12350  +7.336867607740e+03 -1.597357337960e+00
12360  +7.320935594075e+03 -1.589044561923e+00
12370  +7.305087220456e+03 -1.580675614159e+00
12380  +7.289322096474e+03 -1.572319378237e+00
12390  +7.273641262905e+03 -1.563892520953e+00
12400  +7.258044327147e+03 -1.555472082020e+00
12410  +7.242532082263e+03 -1.547000767401e+00
12420  +7.227104595174e+03 -1.538492850441e+00
12430  +7.211762144331e+03 -1.529957586740e+00
12440  +7.196504719825e+03 -1.521436978179e+00
12450  +7.181333601020e+03 -1.512842869495e+00
12460  +7.166247812961e+03 -1.504238308360e+00
12470  +7.151248717848e+03 -1.495596486974e+00
12480  +7.136335998774e+03 -1.486927501242e+00
12490  +7.121510116679e+03 -1.478225076817e+00
12500  +7.106771651150e+03 -1.469504337526e+00
12510  +7.092120147689e+03 -1.460777461740e+00
12520  +7.077556629166e+03 -1.451973946882e+00
12530  +7.063081067887e+03 -1.443157143549e+00
12540  +7.048693487084e+03 -1.434304876110e+00
12550  +7.034394915158e+03 -1.425443390797e+00
12560  +7.020184925567e+03 -1.416538548773e+00
12570  +7.006064335526e+03 -1.407588264419e+00
12580  +6.992032952571e+03 -1.398676653191e+00
12590  +6.978091089313e+03 -1.389674194827e+00
12600  +6.964239479691e+03 -1.380641617266e+00
12610  +6.950478028919e+03 -1.371631058654e+00
12620  +6.936807171895e+03 -1.362547749994e+00
12630  +6.923227173112e+03 -1.353461640065e+00
12640  +6.909738310059e+03 -1.344339618168e+00
12650  +6.896340711154e+03 -1.335174717024e+00
12660  +6.883035053336e+03 -1.325999601754e+00
12670  +6.869821339449e+03 -1.316775960059e+00
12680  +6.856699714289e+03 -1.307540662160e+00
12690  +6.843670601899e+03 -1.298257098834e+00
12700  +6.830734391090e+03 -1.288991036311e+00
12710  +6.817891260129e+03 -1.279661873577e+00
12720  +6.805141640836e+03 -1.270321221595e+00
12730  +6.792485387909e+03 -1.260927046768e+00
12740  +6.779923302709e+03 -1.251525344061e+00
12750  +6.767455260442e+03 -1.242083474915e+00
12760  +6.755081488899e+03 -1.232615453127e+00
12770  +6.742802727218e+03 -1.223136119905e+00
12780  +6.730618980219e+03 -1.213631373345e+00
12790  +6.718530213942e+03 -1.204085988770e+00
12800  +6.706537328678e+03 -1.194523639745e+00
12810  +6.694640231515e+03 -1.184897421191e+00
12820  +6.682839129584e+03 -1.175302791949e+00
12830  +6.671134516986e+03 -1.165640868307e+00
12840  +6.659526550806e+03 -1.155958929311e+00
12850  +6.648015501722e+03 -1.146259767540e+00
12860  +6.636601781013e+03 -1.136512792154e+00
12870  +6.625284921654e+03 -1.126776835366e+00
12880  +6.614066367096e+03 -1.117002881995e+00
12890  +6.602945601979e+03 -1.107175682817e+00
12900  +6.591922910891e+03 -1.097336115342e+00
12910  +6.580998922012e+03 -1.087450616532e+00
12920  +6.570173466092e+03 -1.077572475216e+00
12930  +6.559447307927e+03 -1.067667858317e+00
12940  +6.548820366699e+03 -1.057718895030e+00
12950  +6.538292943072e+03 -1.047748959824e+00
12960  +6.527865313113e+03 -1.037756935083e+00
12970  +6.517537631180e+03 -1.027753910474e+00
12980  +6.507310415931e+03 -1.017695507406e+00
12990  +6.497183634651e+03 -1.007633740426e+00
13000  +6.487157915334e+03 -9.975332920639e-01
13010  +6.477232851572e+03 -9.874230465369e-01
13020  +6.467409489255e+03 -9.772904699072e-01
13030  +6.457687482859e+03 -9.670991803684e-01
13040  +6.448067188926e+03 -9.569294660749e-01
13050  +6.438549350324e+03 -9.466927384451e-01
13060  +6.429133225549e+03 -9.364610258242e-01
13070  +6.419820245550e+03 -9.261928886458e-01
13080  +6.410610127973e+03 -9.158948513507e-01
13090  +6.401502468443e+03 -9.055713773999e-01
13100  +6.392498372320e+03 -8.952548338018e-01
13110  +6.383597774537e+03 -8.848785094078e-01
13120  +6.374801110546e+03 -8.744954284153e-01
13130  +6.366108090919e+03 -8.640760717503e-01
13140  +6.357519329395e+03 -8.536425196565e-01
13150  +6.349035171629e+03 -8.431938942513e-01
13160  +6.340655547714e+03 -8.327194757706e-01
13170  +6.332380941756e+03 -8.222185087657e-01
13180  +6.324211318238e+03 -8.117007328054e-01
13190  +6.316146968545e+03 -8.011599133831e-01
13200  +6.308188350052e+03 -7.905673760726e-01
13210  +6.300335381210e+03 -7.800062891921e-01
13220  +6.292588902823e+03 -7.693708804836e-01
13230  +6.284948048566e+03 -7.587576166790e-01
13240  +6.277414015883e+03 -7.481055326044e-01
13250  +6.269986029215e+03 -7.374321609672e-01
13260  +6.262665651217e+03 -7.267203615557e-01
13270  +6.255451998642e+03 -7.160032087881e-01
13280  +6.248345764631e+03 -7.052871967857e-01
13290  +6.241346684007e+03 -6.945159466927e-01
13300  +6.234455319430e+03 -6.837306703396e-01
13310  +6.227672054105e+03 -6.729391103566e-01
13320  +6.220996722552e+03 -6.621109150646e-01
13330  +6.214429464923e+03 -6.512808594943e-01
13340  +6.207971107382e+03 -6.404410560795e-01
13350  +6.201620864792e+03 -6.295712072891e-01
13360  +6.195379840727e+03 -6.186662764447e-01
13370  +6.189247574131e+03 -6.077719393367e-01
13380  +6.183224763250e+03 -5.968440727293e-01
13390  +6.177311085568e+03 -5.858893402547e-01
13400  +6.171506928480e+03 -5.749300796023e-01
13410  +6.165812570113e+03 -5.639495810537e-01
13420  +6.160228077337e+03 -5.529510806622e-01
13430  +6.154753898364e+03 -5.419282512352e-01
13440  +6.149389460742e+03 -5.309159957994e-01
13450  +6.144135691016e+03 -5.198519227371e-01
13460  +6.138992319532e+03 -5.088172627682e-01
13470  +6.133959794788e+03 -4.977365509866e-01
13480  +6.129038123915e+03 -4.866393593283e-01
13490  +6.124227423785e+03 -4.755027700226e-01
13500  +6.119527525816e+03 -4.643921456738e-01
13510  +6.114939224903e+03 -4.532630073887e-01
13520  +6.110462684418e+03 -4.420985658085e-01
13530  +6.106097139298e+03 -4.309390064409e-01
13540  +6.101843477867e+03 -4.197950656142e-01
13550  +6.097701943749e+03 -4.085784212300e-01
13560  +6.093672181830e+03 -3.973795575971e-01
13570  +6.089754409858e+03 -3.861715683662e-01
13580  +6.085948841664e+03 -3.749303014788e-01
13590  +6.082255972303e+03 -3.637014440163e-01
13600  +6.078675115563e+03 -3.524528612491e-01
13610  +6.075206833833e+03 -3.412047087879e-01
13620  +6.071851494012e+03 -3.299270640374e-01
13630  +6.068608725130e+03 -3.186265118729e-01
13640  +6.065479092414e+03 -3.073250640925e-01
13650  +6.062462271752e+03 -2.960324212816e-01
13660  +6.059558415696e+03 -2.847044284491e-01
13670  +6.056767866095e+03 -2.733928792932e-01
13680  +6.054090488198e+03 -2.620669799644e-01
13690  +6.051526620975e+03 -2.507138068405e-01
13700  +6.049076355332e+03 -2.393661023536e-01
13710  +6.046739130557e+03 -2.280134509752e-01
13720  +6.044515586123e+03 -2.166661649443e-01
13730  +6.042406004360e+03 -2.052847620600e-01
13740  +6.040409933806e+03 -1.938974020348e-01
13750  +6.038527792635e+03 -1.825269010880e-01
13760  +6.036759459197e+03 -1.711494726743e-01
13770  +6.035104744764e+03 -1.597620699601e-01
13780  +6.033564368533e+03 -1.483628116264e-01
13790  +6.032137818080e+03 -1.369727816740e-01
13800  +6.030825320349e+03 -1.255349783312e-01
13810  +6.029627178117e+03 -1.141271420247e-01
13820  +6.028542844020e+03 -1.027173610035e-01
13830  +6.027572942346e+03 -9.129335237303e-02
13840  +6.026717093247e+03 -7.987060712428e-02
13850  +6.025975384742e+03 -6.845217317559e-02
13860  +6.025348108026e+03 -5.702873421918e-02
13870  +6.024835093600e+03 -4.558802842793e-02
13880  +6.024436420383e+03 -3.417938425595e-02
13890  +6.024152003651e+03 -2.272004259003e-02
13900  +6.023981675345e+03 -1.129622073936e-02
13910  +6.023925919176e+03 +1.480896230333e-04
13920  +6.023984553021e+03 +1.157659761109e-02
13930  +6.024157428237e+03 +2.300446314058e-02
13940  +6.024444333192e+03 +3.443694022071e-02
13950  +6.024845734360e+03 +4.586044571029e-02
13960  +6.025361709125e+03 +5.729538622590e-02
13970  +6.025991735677e+03 +6.872637458699e-02
13980  +6.026736077291e+03 +8.013902754709e-02
13990  +6.027594558100e+03 +9.157377697009e-02
14000  +6.028567299032e+03 +1.030042496547e-01
14010  +6.029654118136e+03 +1.143871714124e-01
14020  +6.030855384252e+03 +1.258053921632e-01
14030  +6.032170499287e+03 +1.372301403557e-01
14040  +6.033599687574e+03 +1.486289647944e-01
14050  +6.035142910089e+03 +1.600295928521e-01
14060  +6.036799970316e+03 +1.714151851561e-01
14070  +6.038571174537e+03 +1.827897754035e-01
14080  +6.040455934075e+03 +1.941788250388e-01
14090  +6.042454941319e+03 +2.055617918408e-01
14100  +6.044567472500e+03 +2.169274080915e-01
14110  +6.046793594053e+03 +2.282929082372e-01
14120  +6.049133045428e+03 +2.396312746924e-01
14130  +6.051586454581e+03 +2.509964852142e-01
14140  +6.054153051199e+03 +2.623157460437e-01
14150  +6.056832949867e+03 +2.736713286595e-01
14160  +6.059626176087e+03 +2.849849980863e-01
14170  +6.062532697276e+03 +2.962991031498e-01
14180  +6.065552120613e+03 +3.076017667518e-01
14190  +6.068684570227e+03 +3.188889435320e-01
14200  +6.071929767042e+03 +3.301733763447e-01
14210  +6.075288138362e+03 +3.414524066695e-01
14220  +6.078758991819e+03 +3.526992686374e-01
14230  +6.082342337168e+03 +3.639634856616e-01
14240  +6.086038246172e+03 +3.752154409749e-01
14250  +6.089846197308e+03 +3.864437984642e-01
14260  +6.093766556076e+03 +3.976554709662e-01
14270  +6.097798981858e+03 +4.088278693436e-01
14280  +6.101943482785e+03 +4.200405281264e-01
14290  +6.106199799724e+03 +4.312079689308e-01
14300  +6.110567892830e+03 +4.423764049052e-01
14310  +6.115047158376e+03 +4.535267142798e-01
14320  +6.119638403572e+03 +4.646659494600e-01
14330  +6.124340500672e+03 +4.757751015776e-01
14340  +6.129153837616e+03 +4.868939116805e-01
14350  +6.134078484958e+03 +4.979667812418e-01
14360  +6.139113377467e+03 +5.090563053644e-01
14370  +6.144259258819e+03 +5.201146368706e-01
14380  +6.149515977220e+03 +5.311895503259e-01
14390  +6.154882613629e+03 +5.421906449946e-01
14400  +6.160359735212e+03 +5.532148798886e-01
14410  +6.165947067220e+03 +5.642113500543e-01
14420  +6.171643852546e+03 +5.751954514893e-01
14430  +6.177450643270e+03 +5.861447847872e-01
14440  +6.183366901098e+03 +5.970973112354e-01
14450  +6.189392404617e+03 +6.080074191867e-01
14460  +6.195527093158e+03 +6.189298920130e-01
14470  +6.201770830268e+03 +6.298117213269e-01
14480  +6.208123517306e+03 +6.407091423121e-01
14490  +6.214584752988e+03 +6.515430764771e-01
14500  +6.221154426382e+03 +6.623732833278e-01
14510  +6.227832276802e+03 +6.731925754938e-01
14520  +6.234618160691e+03 +6.839767659768e-01
14530  +6.241511960306e+03 +6.947751108721e-01
14540  +6.248513328223e+03 +7.055297740373e-01
14550  +6.255622398866e+03 +7.162498808256e-01
14560  +6.262838665200e+03 +7.269703230367e-01
14570  +6.270161787264e+03 +7.376634268322e-01
14580  +6.277592051541e+03 +7.483559639218e-01
14590  +6.285128866149e+03 +7.589976631711e-01
14600  +6.292771884115e+03 +7.696415535835e-01
14610  +6.300521209548e+03 +7.802334629651e-01
14620  +6.308376691273e+03 +7.908360862359e-01
14630  +6.316337989721e+03 +8.013928101625e-01
14640  +6.324404604140e+03 +8.119515471636e-01
14650  +6.332576760557e+03 +8.224707641384e-01
14660  +6.340853759736e+03 +8.329827797769e-01
14670  +6.349235861917e+03 +8.434371036231e-01
14680  +6.357722655384e+03 +8.538810833498e-01
14690  +6.366313688166e+03 +8.643187128012e-01
14700  +6.375009074651e+03 +8.747434014425e-01
14710  +6.383808362782e+03 +8.851213146753e-01
14720  +6.392711704315e+03 +8.954915233096e-01
14730  +6.401718032563e+03 +9.058190180483e-01
14740  +6.410827925861e+03 +9.161534272464e-01
14750  +6.420040808896e+03 +9.264293272029e-01
14760  +6.429356409009e+03 +9.366982605855e-01
14770  +6.438774515010e+03 +9.469480319490e-01
14780  +6.448295166078e+03 +9.571536264157e-01
14790  +6.457917627256e+03 +9.673582674949e-01
14800  +6.467642206725e+03 +9.775105901624e-01
14810  +6.477468064958e+03 +9.876596881290e-01
14820  +6.487395189477e+03 +9.977851076113e-01
14830  +6.497423639072e+03 +1.007877953113e+00
14840  +6.507552423469e+03 +1.017946427875e+00
14850  +6.517782323214e+03 +1.027999825005e+00
14860  +6.528112365800e+03 +1.038003934275e+00
14870  +6.538542388636e+03 +1.047981529947e+00
14880  +6.549072165922e+03 +1.057955635802e+00
14890  +6.559701683998e+03 +1.067913464409e+00
14900  +6.570430111581e+03 +1.077811657383e+00
14910  +6.581257851719e+03 +1.087720545852e+00
14920  +6.592184140921e+03 +1.097589056017e+00
14930  +6.603209075189e+03 +1.107401383274e+00
14940  +6.614332374104e+03 +1.117201296528e+00
14950  +6.625553234962e+03 +1.127009922958e+00
14960  +6.636872330459e+03 +1.136768958873e+00
14970  +6.648288204899e+03 +1.146492672196e+00
14980  +6.659801751763e+03 +1.156191140137e+00
14990  +6.671412015394e+03 +1.165856976301e+00
15000  +6.683119274963e+03 +1.175514296212e+00
15010  +6.694922588876e+03 +1.185133280359e+00
15020  +6.706821690711e+03 +1.194715729809e+00
15030  +6.718817261379e+03 +1.204316635861e+00
15040  +6.730907899606e+03 +1.213851702173e+00
15050  +6.743093957495e+03 +1.223350110602e+00
15060  +6.755375206089e+03 +1.232832343929e+00
15070  +6.767750862104e+03 +1.242307567640e+00
15080  +6.780221238851e+03 +1.251726155009e+00
15090  +6.792785885462e+03 +1.261146595727e+00
15100  +6.805444031667e+03 +1.270506860660e+00
15110  +6.818195908762e+03 +1.279873838446e+00
15120  +6.831041445572e+03 +1.289201831282e+00
15130  +6.843979802107e+03 +1.298476182726e+00
15140  +6.857011057489e+03 +1.307756209128e+00
15150  +6.870134802989e+03 +1.316983990146e+00
15160  +6.883350808018e+03 +1.326208269821e+00
15170  +6.896658823020e+03 +1.335381805228e+00
15180  +6.910058556434e+03 +1.344570985054e+00
15190  +6.923549549328e+03 +1.353675166191e+00
15200  +6.937131925917e+03 +1.362752550974e+00
15210  +6.950804786377e+03 +1.371835813972e+00
15220  +6.964568419177e+03 +1.380871691156e+00
15230  +6.978422314495e+03 +1.389874895402e+00
15240  +6.992365944393e+03 +1.398861781623e+00
15250  +7.006399510871e+03 +1.407835688836e+00
15260  +7.020522320912e+03 +1.416755487895e+00
15270  +7.034734394102e+03 +1.425644539327e+00
15280  +7.049035396082e+03 +1.434518479282e+00
15290  +7.063424973689e+03 +1.443376418479e+00
15300  +7.077902377492e+03 +1.452182351778e+00
15310  +7.092468065445e+03 +1.460970547961e+00
15320  +7.107121427204e+03 +1.469712222907e+00
15330  +7.121862472355e+03 +1.478435214072e+00
15340  +7.136690269356e+03 +1.487137044838e+00
15350  +7.151605201653e+03 +1.495803862480e+00
15360  +7.166606297115e+03 +1.504432302571e+00
15370  +7.181693879608e+03 +1.513065380456e+00
15380  +7.196867403219e+03 +1.521651277877e+00
15390  +7.212126446299e+03 +1.530183667956e+00
15400  +7.227471005696e+03 +1.538738856556e+00
15410  +7.242900530355e+03 +1.547208155884e+00
15420  +7.258414905819e+03 +1.555678223063e+00
15430  +7.274013855475e+03 +1.564095130144e+00
15440  +7.289696886161e+03 +1.572506848027e+00
15450  +7.305463801240e+03 +1.580881123050e+00
15460  +7.321314161922e+03 +1.589241481401e+00
15470  +7.337248150263e+03 +1.597530569375e+00
15480  +7.353264727230e+03 +1.605818137273e+00
15490  +7.369364433651e+03 +1.614088317405e+00
15500  +7.385546628176e+03 +1.622311753174e+00
15510  +7.401810592597e+03 +1.630508938655e+00
15520  +7.418156778727e+03 +1.638664789294e+00
15530  +7.434584153698e+03 +1.646798950844e+00
15540  +7.451092732537e+03 +1.654918966144e+00
15550  +7.467682105278e+03 +1.663012166447e+00
15560  +7.484352536879e+03 +1.671033750228e+00
15570  +7.501103138682e+03 +1.679060590086e+00
15580  +7.517933444231e+03 +1.687037375384e+00
15590  +7.534843627311e+03 +1.694970917443e+00
15600  +7.551833062483e+03 +1.702924679803e+00
15610  +7.568901646110e+03 +1.710801436541e+00
15620  +7.586049272111e+03 +1.718660460914e+00
15630  +7.603275101047e+03 +1.726508827937e+00
15640  +7.620579316997e+03 +1.734294992085e+00
15650  +7.637961187993e+03 +1.742074072421e+00
15660  +7.655420432956e+03 +1.749793736427e+00
15670  +7.672957006292e+03 +1.757515077791e+00
15680  +7.690570608242e+03 +1.765175016743e+00
15690  +7.708260717327e+03 +1.772841910965e+00
15700  +7.726027096135e+03 +1.780439726117e+00
15710  +7.743869550784e+03 +1.788038142177e+00
15720  +7.761787446833e+03 +1.795558629954e+00
15730  +7.779780705435e+03 +1.803085407614e+00
15740  +7.797849139635e+03 +1.810593467605e+00
15750  +7.815991923018e+03 +1.818029719079e+00
15760  +7.834209536105e+03 +1.825455006256e+00
15770  +7.852501017882e+03 +1.832824902325e+00
15780  +7.870866272226e+03 +1.840192703962e+00
15790  +7.889304541771e+03 +1.847500906095e+00
15800  +7.907815770820e+03 +1.854785003603e+00
15810  +7.926399950363e+03 +1.862057499129e+00
15820  +7.945056728368e+03 +1.869256200219e+00
15830  +7.963785348899e+03 +1.876441600089e+00
15840  +7.982585536001e+03 +1.883589755646e+00
15850  +8.001457366147e+03 +1.890720347556e+00
15860  +8.020400221895e+03 +1.897813931994e+00
15870  +8.039413802013e+03 +1.904864732291e+00
15880  +8.058497210029e+03 +1.911875435268e+00
15890  +8.077651154344e+03 +1.918873211718e+00
15900  +8.096874464837e+03 +1.925807567517e+00
15910  +8.116167267597e+03 +1.932736133771e+00
15920  +8.135529175737e+03 +1.939618140323e+00
15930  +8.154959391496e+03 +1.946449733255e+00
15940  +8.174457850930e+03 +1.953255047036e+00
15950  +8.194024210513e+03 +1.960023255923e+00
15960  +8.213658176076e+03 +1.966775772805e+00
15970  +8.233359595009e+03 +1.973453969240e+00
15980  +8.253127228539e+03 +1.980118973536e+00
15990  +8.272961682039e+03 +1.986752389661e+00
16000  +8.292861909120e+03 +1.993322463144e+00
16010  +8.312827938799e+03 +1.999879794165e+00
16020  +8.332859372876e+03 +2.006389714247e+00
16030  +8.352955778031e+03 +2.012888242955e+00
16040  +8.373116794554e+03 +2.019293192264e+00
16050  +8.393341755678e+03 +2.025710280762e+00
16060  +8.413630504529e+03 +2.032056051554e+00
16070  +8.433982708681e+03 +2.038389606640e+00
16080  +8.454398014550e+03 +2.044664056619e+00
